

556,000000005













556,999999998







564,000000004












538,999999998



539,000000001



541,000000003



538,999999999


538,999999999

538,999999999

537


















































538,999999998



535,999999997



538,000000003



530,999999994



528,999999999



532,000000003



533,000000001



532



535,000000002



532,999999998



531,999999999



531



532,000000002


532,000000002

532,000000002

539


538,000000001



538,000000001



532,999999996



537,000000004






538






































































































































































































532,999999994



533,000000001



534,000000001


534,000000001

534,000000001

537


534,999999999



537,000000002






532,999999997



536,000000002



536,000000001



536,000000001































































































































































558,000000016





552,999999992





















































