551
556,00000000545
556,00000000545
551
556,00000000545
558,0000000025
556,00000000545
558,0000000025
559,00000000165
558,0000000025
559,00000000165
560,0000000019
560,0000000019
559,00000000165
560,0000000019
556,99999999785
556,99999999785
560,0000000019
556,99999999785
561,0000000041
561,0000000041
556,99999999785
561,0000000041
564,00000000365
564,00000000365
561,0000000041
564,00000000365
555,9999999929
564,00000000365
555,9999999929
546,99999999135
555,9999999929
546,99999999135
541,9999999957
546,99999999135
541,9999999957
538,99999999755
538,99999999755
541,9999999957
538,99999999755
539,0000000009
539,0000000009
538,99999999755
539,0000000009
541,00000000285
541,00000000285
539,0000000009
541,00000000285
538,99999999875
538,99999999875
541,00000000285
538,99999999875
538,99999999875
538,99999999875
538,99999999875
537,00000000005
537,00000000005
537,00000000005
546,0000000094
537,00000000005
546,0000000094
544,99999999925
546,0000000094
544,99999999925
547,00000000265
544,99999999925
547,00000000265
559,00000001215
547,00000000265
559,00000001215
557,9999999993
559,00000001215
557,9999999993
552,99999999595
557,9999999993
552,99999999595
554,0000000014
552,99999999595
554,0000000014
555,0000000019
554,0000000014
555,0000000019
549,9999999952
555,0000000019
549,9999999952
548,9999999995
549,9999999952
548,9999999995
551,00000000215
548,9999999995
551,00000000215
548,99999999815
551,00000000215
548,99999999815
547,99999999925
548,99999999815
547,99999999925
545,9999999983
547,99999999925
545,9999999983
545,9999999983
546,0000000003
546,0000000003
541,99999999645
546,0000000003
541,99999999645
538,9999999978
538,9999999978
541,99999999645
538,9999999978
535,999999997
535,999999997
538,9999999978
535,999999997
538,0000000033
538,0000000033
535,999999997
538,0000000033
530,99999999355
530,99999999355
538,0000000033
530,99999999355
528,9999999987
528,9999999987
530,99999999355
528,9999999987
532,0000000033
532,0000000033
528,9999999987
532,0000000033
533,00000000135
533,00000000135
532,0000000033
533,00000000135
531,9999999995
531,9999999995
533,00000000135
531,9999999995
535,0000000022
535,0000000022
531,9999999995
535,0000000022
532,99999999825
532,99999999825
535,0000000022
532,99999999825
531,99999999945
531,99999999945
532,99999999825
531,99999999945
530,9999999996
530,9999999996
531,99999999945
530,9999999996
532,00000000195
532,00000000195
530,9999999996
532,00000000195
532,00000000195
532,00000000195
532,00000000195
539
539
539
538,00000000065
538,00000000065
539
538,00000000065
538,00000000075
538,00000000075
538,00000000065
538,00000000075
532,9999999955
532,9999999955
538,00000000075
532,9999999955
537,00000000435
537,00000000435
532,9999999955
537,00000000435
539,00000000275
537,00000000435
539,00000000275
537,99999999985
537,99999999985
539,00000000275
537,99999999985
540,0000000028
537,99999999985
540,0000000028
538,999999999
540,0000000028
538,999999999
539,0000000009
538,999999999
539,0000000009
542,0000000032
539,0000000009
542,0000000032
543,00000000185
542,0000000032
543,00000000185
544,0000000014
543,00000000185
544,0000000014
544,0000000007
544,0000000014
544,0000000007
544,00000000045
544,0000000007
544,00000000045
544,00000000045
544
544
540,99999999845
544
540,99999999845
541
540,99999999845
541
543,00000000215
541
543,00000000215
541,9999999996
543,00000000215
541,9999999996
542,0000000009
541,9999999996
542,0000000009
542
542,0000000009
542
542,0000000018
542
542,0000000018
543,0000000018
542,0000000018
543,0000000018
547,000000004
543,0000000018
547,000000004
546,0000000007
547,000000004
546,0000000007
547,00000000165
546,0000000007
547,00000000165
547,0000000009
547,00000000165
547,0000000009
548,0000000013
547,0000000009
548,0000000013
548,0000000002
548,0000000013
548,0000000002
548,0000000002
549
549
549,0000000008
549
549,0000000008
547,9999999992
549,0000000008
547,9999999992
549,000000001
547,9999999992
549,000000001
550,0000000014
549,000000001
550,0000000014
550,0000000001
550,0000000014
550,0000000001
547,9999999988
550,0000000001
547,9999999988
545,9999999987
547,9999999988
545,9999999987
548,0000000029
545,9999999987
548,0000000029
544,9999999975
548,0000000029
544,9999999975
547,00000000205
544,9999999975
547,00000000205
544,9999999995
547,00000000205
544,9999999995
546,0000000018
544,9999999995
546,0000000018
545,99999999995
546,0000000018
545,99999999995
547,00000000045
545,99999999995
547,00000000045
547,00000000045
548
548
544,9999999987
548
544,9999999987
543,99999999995
544,9999999987
543,99999999995
542,9999999999
543,99999999995
542,9999999999
545,0000000022
542,9999999999
545,0000000022
542,99999999895
545,0000000022
542,99999999895
545,0000000014
542,99999999895
545,0000000014
547,0000000023
545,0000000014
547,0000000023
547,0000000001
547,0000000023
547,0000000001
547,0000000007
547,0000000001
547,0000000007
547,9999999995
547,0000000007
547,9999999995
549,0000000015
547,9999999995
549,0000000015
549,0000000004
549,0000000015
549,0000000004
549,0000000006
549,0000000004
549,0000000006
549,0000000005
549,0000000006
549,0000000005
549,0000000005
549,00000000055
549,00000000055
546,99999999865
549,00000000055
546,99999999865
544,9999999989
546,99999999865
544,9999999989
545,00000000075
544,9999999989
545,00000000075
545,00000000035
545,00000000075
545,00000000035
540,99999999655
545,00000000035
540,99999999655
539,99999999975
540,99999999655
539,99999999975
540,00000000045
539,99999999975
540,00000000045
542,00000000255
540,00000000045
542,00000000255
542,00000000095
542,00000000255
542,00000000095
540,99999999915
542,00000000095
540,99999999915
538,99999999825
540,99999999915
538,99999999825
532,9999999943
532,9999999943
538,99999999825
532,9999999943
533,0000000009
533,0000000009
532,9999999943
533,0000000009
534,0000000015
534,0000000015
533,0000000009
534,0000000015
534,0000000015
534,0000000015
534,0000000015
537
537
537
534,9999999992
534,9999999992
537
534,9999999992
537,00000000235
537,00000000235
534,9999999992
537,00000000235
537,00000000025
537,00000000235
537,00000000025
532,99999999695
532,99999999695
537,00000000025
532,99999999695
536,00000000235
536,00000000235
532,99999999695
536,00000000235
536,0000000006
536,0000000006
536,00000000235
536,0000000006
536,00000000085
536,00000000085
536,0000000006
536,00000000085
537,0000000015
536,00000000085
537,0000000015
537,00000000085
537,0000000015
537,00000000085
540,00000000205
537,00000000085
540,00000000205
538,99999999985
540,00000000205
538,99999999985
539,00000000075
538,99999999985
539,00000000075
540,0000000019
539,00000000075
540,0000000019
538,9999999998
540,0000000019
538,9999999998
538,9999999998
541
541
536,99999999795
541
536,99999999795
537,0000000003
536,99999999795
537,0000000003
538,0000000015
537,0000000003
538,0000000015
539,00000000135
538,0000000015
539,00000000135
537,9999999996
539,00000000135
537,9999999996
538,00000000015
537,9999999996
538,00000000015
538,00000000035
538,00000000015
538,00000000035
538,00000000095
538,00000000035
538,00000000095
539,0000000005
538,00000000095
539,0000000005
537,99999999945
539,0000000005
537,99999999945
538,0000000003
537,99999999945
538,0000000003
538,00000000095
538,0000000003
538,00000000095
539,00000000125
538,00000000095
539,00000000125
537,99999999985
539,00000000125
537,99999999985
537,99999999985
540,00000000005
540,00000000005
540,0000000009
540,00000000005
540,0000000009
538,9999999998
540,0000000009
538,9999999998
539,0000000007
538,9999999998
539,0000000007
540,00000000105
539,0000000007
540,00000000105
538,9999999999
540,00000000105
538,9999999999
541,00000000265
538,9999999999
541,00000000265
541,00000000095
541,00000000265
541,00000000095
539,9999999988
541,00000000095
539,9999999988
542,0000000015
539,9999999988
542,0000000015
544,000000003
542,0000000015
544,000000003
544,0000000017
544,000000003
544,0000000017
544,0000000008
544,0000000017
544,0000000008
545,0000000012
544,0000000008
545,0000000012
545,00000000055
545,0000000012
545,00000000055
545,00000000055
545,00000000035
545,00000000035
542,99999999835
545,00000000035
542,99999999835
545,00000000225
542,99999999835
545,00000000225
543,9999999995
545,00000000225
543,9999999995
542,9999999993
543,9999999995
542,9999999993
541,9999999995
542,9999999993
541,9999999995
540,9999999996
541,9999999995
540,9999999996
541
540,9999999996
541
538,9999999998
541
538,9999999998
540,000000001
538,9999999998
540,000000001
541,00000000235
540,000000001
541,00000000235
542,00000000125
541,00000000235
542,00000000125
542,00000000005
542,00000000125
542,00000000005
542,0000000001
542,00000000005
542,0000000001
558,0000000163
558,0000000163
542,0000000001
558,0000000163
558,0000000163
558,0000000163
562
562
562
552,99999999245
552,99999999245
562
552,99999999245
554,00000000125
552,99999999245
554,00000000125
555,00000000135
554,00000000125
555,00000000135
556,0000000015
555,00000000135
556,0000000015
554,99999999935
556,0000000015
554,99999999935
555,00000000085
554,99999999935
555,00000000085
551,99999999755
555,00000000085
551,99999999755
553,00000000165
551,99999999755
553,00000000165
554,00000000195
553,00000000165
554,00000000195
559,00000000575
554,00000000195
559,00000000575
556,9999999987
559,00000000575
556,9999999987
558,00000000115
556,9999999987
558,00000000115
556,99999999975
558,00000000115
556,99999999975
555,9999999999
556,99999999975
555,9999999999
555,9999999999
557,0000000001
557,0000000001
557,0000000003
557,0000000001
557,0000000003
555,99999999955
557,0000000003
555,99999999955
554,99999999965
555,99999999955
554,99999999965
555,0000000007